
*******************************************  Drifts coefficients *******************************************

PassengerId = 0.9953655030360244
Name = 0.9896099298388652
Ticket = 0.6710463876405699
Cabin = 0.17404306822792437
Embarked = 0.07643589488293578
Parch = 0.05513057666266552
Age = 0.044039244719713544
Pclass = 0.02510710524025539
Sex = 0.02234653713347301
SibSp = 0.01998471319951678
Fare = 0.0013482326399829603
